34.0522,-118.2437
40.7128,-74.0060
51.5074,-0.1278
48.8566,2.3522
41.8781,-87.6298
35.682839,139.759455
19.4326,-99.1332
-33.8679,151.2093
52.5200,13.4050
37.7749,-122.4194
55.7558,37.6176
38.9072,-77.0370
-22.9068,-43.1729
45.4642,9.1900
55.6761,12.5683
35.682839,139.759455
-33.4489,-70.6693
40.7128,-74.0060
34.0522,-118.2437
51.5074,-0.1278
52.5200,13.4050
48.8566,2.3522
41.8781,-87.6298
37.7749,-122.4194
35.682839,139.759455
19.4326,-99.1332
55.7558,37.6176
-33.8679,151.2093
52.5200,13.4050
38.9072,-77.0370
-22.9068,-43.1729
45.4642,9.1900
55.6761,12.5683
35.682839,139.759455
-33.4489,-70.6693
40.7128,-74.0060
34.0522,-118.2437
51.5074,-0.1278
48.8566,2.3522
41.8781,-87.6298
37.7749,-122.4194
35.682839,139.759455
19.4326,-99.1332
-33.8679,151.2093
52.5200,13.4050
55.7558,37.6176
38.9072,-77.0370
-22.9068,-43.1729
45.4642,9.1900
55.6761,12.5683